 4    43    4 44         
6  5      6       0 0  0 
6    664   665  4     3  
 6  67  2   678       3  
      5 0 3  586  89    4
6 3  653   3   5 68 77  4
    4  6   44 6     7    
      78 6 4 4  4  6 664 
6  0    9975  5  53      
        6 6  2 66 3      
66 2  1    6   7     55 4
  64   02  7        6 6 4
66    0  47 654 4 03474  
           98   3   5   3
    44    5  644 2 456   
66    30   797        4  
     4        3   3476  4
6   6   6      3 2 5     
 6  8 8986 7 33 3  5  5 4
6   8  9       3  5 6    
       8  69  1 354 5    
  4   3 4669 5    4 4 0 3
67  4 1   5  5 6    55  4
  4             7  5  3 4
3   4  45  4  44   343   